d,r,s
1,320,1117
2,321,1117
3,321,1118
4,322,1118
5,323,1118
6,323,1118
7,324,1119
8,325,1119
9,325,1119
10,326,1119
11,327,1119
12,327,1119
13,328,1119
14,329,1119
15,329,1120
16,330,1120
17,331,1120
18,331,1120
19,332,1119
20,333,1119
21,333,1119
22,334,1119
23,335,1119
24,335,1119
25,336,1119
26,337,1119
27,337,1118
28,338,1118
29,338,1118
30,339,1118
31,340,1117
32,340,1117
33,341,1117
34,341,1116
35,342,1116
36,343,1116
37,343,1115
38,344,1115
39,344,1114
40,345,1114
41,345,1113
42,346,1113
43,346,1112
44,347,1112
45,347,1111
46,348,1111
47,348,1110
48,349,1109
49,349,1109
50,350,1108
51,350,1108
52,351,1107
53,351,1106
54,351,1105
55,352,1105
56,352,1104
57,353,1103
58,353,1103
59,353,1102
60,354,1101
61,354,1100
62,355,1100
63,355,1099
64,355,1098
65,356,1097
66,356,1096
67,356,1096
68,357,1095
69,357,1094
70,357,1093
71,358,1092
72,358,1091
73,358,1091
74,358,1090
75,359,1089
76,359,1088
77,359,1087
78,360,1086
79,360,1085
80,360,1085
81,360,1084
82,361,1083
83,361,1082
84,361,1081
85,362,1080
86,362,1079
87,362,1079
88,362,1078
89,363,1077
90,363,1076
91,363,1075
92,363,1074
93,364,1073
94,364,1073
95,364,1072
96,364,1071
97,365,1070
98,365,1069
99,365,1068
100,366,1068
101,366,1067
102,366,1066
103,366,1065
104,367,1064
105,367,1064
106,367,1063
107,367,1062
108,368,1061
109,368,1061
110,368,1060
111,369,1059
112,369,1058
113,369,1058
114,370,1057
115,370,1056
116,370,1056
117,371,1055
118,371,1054
119,371,1054
120,372,1053
121,372,1053
122,372,1052
123,373,1052
124,373,1051
125,373,1050
126,374,1050
127,374,1049
128,374,1049
129,375,1048
130,375,1048
131,376,1048
132,376,1047
133,376,1047
134,377,1046
135,377,1046
136,377,1046
137,378,1045
138,378,1045
139,379,1045
140,379,1044
141,379,1044
142,380,1044
143,380,1044
144,381,1043
145,381,1043
146,381,1043
147,382,1043
148,382,1043
149,383,1043
150,383,1042
151,383,1042
152,384,1042
153,384,1042
154,384,1042
155,385,1042
156,385,1042
157,386,1042
158,386,1042
159,386,1042
160,387,1042
161,387,1042
162,387,1042
163,388,1042
164,388,1043
165,388,1043
166,389,1043
167,389,1043
168,389,1043
169,389,1043
170,390,1043
171,390,1044
172,390,1044
173,390,1044
174,390,1044
175,391,1045
176,391,1045
177,391,1045
178,391,1045
179,391,1046
180,391,1046
181,392,1046
182,392,1047
183,392,1047
184,392,1047
185,392,1047
186,392,1048
187,392,1048
188,392,1049
189,392,1049
190,392,1049
191,392,1050
192,392,1050
193,392,1050
194,391,1051
195,391,1051
196,391,1051
197,391,1052
198,391,1052
199,391,1052
200,390,1053
201,390,1053
202,390,1054
203,390,1054
204,389,1054
205,389,1055
206,389,1055
207,388,1055
208,388,1056
209,388,1056
210,387,1056
211,387,1057
212,386,1057
213,386,1057
214,386,1058
215,385,1058
216,385,1058
217,384,1059
218,384,1059
219,383,1059
220,382,1060
221,382,1060
222,381,1060
223,381,1061
224,380,1061
225,379,1061
226,379,1061
227,378,1062
228,377,1062
229,377,1062
230,376,1063
231,375,1063
232,375,1063
233,374,1063
234,373,1064
235,372,1064
236,372,1064
237,371,1064
238,370,1065
239,369,1065
240,368,1065
241,368,1065
242,367,1065
243,366,1066
244,365,1066
245,364,1066
246,363,1066
247,363,1067
248,362,1067
249,361,1067
250,360,1067
251,359,1067
252,358,1068
253,357,1068
254,356,1068
255,355,1068
256,355,1068
257,354,1069
258,353,1069
259,352,1069
260,351,1069
261,350,1069
262,349,1070
263,348,1070
264,347,1070
265,346,1070
266,345,1070
267,344,1071
268,344,1071
269,343,1071
270,342,1071
271,341,1071
272,340,1072
273,339,1072
274,338,1072
275,337,1072
276,336,1073
277,336,1073
278,335,1073
279,334,1073
280,333,1074
281,332,1074
282,331,1074
283,330,1075
284,330,1075
285,329,1075
286,328,1075
287,327,1076
288,326,1076
289,326,1076
290,325,1077
291,324,1077
292,323,1078
293,323,1078
294,322,1078
295,321,1079
296,321,1079
297,320,1079
298,319,1080
299,319,1080
300,318,1081
301,317,1081
302,317,1082
303,316,1082
304,316,1082
305,315,1083
306,315,1083
307,314,1084
308,314,1084
309,313,1085
310,313,1085
311,312,1086
312,312,1086
313,311,1087
314,311,1088
315,311,1088
316,310,1089
317,310,1089
318,310,1090
319,309,1090
320,309,1091
321,309,1092
322,309,1092
323,309,1093
324,308,1093
325,308,1094
326,308,1095
327,308,1095
328,308,1096
329,308,1097
330,308,1097
331,308,1098
332,308,1098
333,308,1099
334,308,1100
335,308,1100
336,308,1101
337,308,1102
338,308,1102
339,309,1103
340,309,1104
341,309,1104
342,309,1105
343,309,1105
344,310,1106
345,310,1107
346,310,1107
347,311,1108
348,311,1108
349,311,1109
350,312,1110
351,312,1110
352,313,1111
353,313,1111
354,314,1112
355,314,1112
356,314,1113
357,315,1113
358,316,1114
359,316,1114
360,317,1115
361,317,1115
362,318,1115
363,318,1116
364,319,1116
365,319,1117
366,320,1117
